25
25 802 6662
-55 42 -60 14 61 70 -93 -89 -69 -6 -89 -39 90 -57 -35 -56 95 42 -2 61 -76 92 26 -92 96 55 -32 -83 96 -36 -52 -60 57 -12 5 17 -43 12 28 -62 56 39 -1 -5 83 64 39 27 -45 88 -12 -21 79 64 -13 24 18 6 42 13 20 90 4 -24 -23 -92 44 -15 -30 -29 23 76 61 73 -80 -7 -14 10 70 42 -3 -43 -80 -25 -80 -42 100 -11 64 -9 52 -17 -20 -45 10 7 -87 -47 42 -67 -26 -35 -92 85 -63 -71 -23 23 39 -53 -36 -65 -46 -65 -40 -75 -57 -91 -36 -94 0 -85 -61 30 -79 49 -63 85 52 29 -82 -74 94 77 -90 81 -95 -62 -46 -6 -65 -32 -21 -61 3 -10 -86 46 -1 -22 2 100 -6 -8 -21 -35 91 -34 -51 43 96 -33 19 89 95 -21 20 100 -33 74 -56 2 -59 -27 -8 -5 63 6 91 -38 35 -7 -89 -72 35 -10 -57 25 57 -8 -33 2 10 86 -10 4 -85 60 -47 -18 33 -53 35 25 21 -74 -81 -17 -18 -91 -5 -84 -48 6 95 37 47 88 -38 -47 -20 -21 55 40 -85 95 94 -70 55 97 12 -63 -56 -54 62 15 -78 31 48 -45 -9 -57 -29 -7 -1 -84 -70 -55 -97 -8 -52 -67 71 -98 23 36 48 16 66 -48 -37 -22 -11 -43 -26 -99 72 -53 32 19 2 -78 12 23 -34 -89 39 -4 -94 -7 38 -45 -24 -42 -93 100 95 5 15 60 57 28 88 -54 85 -88 98 56 -41 29 -75 61 2 37 -17 18 48 73 -87 5 -85 51 60 -9 -92 17 -10 53 -78 56 13 29 -17 -50 25 -32 -38 22 74 21 -99 99 -69 -47 36 -35 71 -67 88 84 38 -98 -16 -53 -57 -58 65 34 96 37 -61 -42 -35 22 8 91 40 21 12 14 -59 -37 -38 -77 16 98 -12 -14 82 -75 -31 -31 -73 3 17 -80 46 -69 54 -9 68 43 49 83 -85 -94 23 55 27 86 -82 19 -52 -19 -8 65 -72 30 -50 -91 55 -30 -21 32 73 46 52 -32 77 -44 59 -6 99 -43 -74 -87 -86 50 69 -9 35 37 -91 83 -83 -49 -3 97 81 48 -95 35 68 -66 -84 40 30 69 59 6 -76 -33 50 -78 -25 77 -64 -11 26 55 80 -40 -9 40 93 -41 91 -10 -45 22 88 -90 -44 55 -55 -77 -56 75 92 -98 -69 66 -80 81 88 -5 7 74 34 -68 -22 13 -58 70 -98 86 -72 44 -75 -67 -35 -88 -57 -29 17 -62 -6 61 64 -65 14 95 -100 -16 25 89 79 -68 12 12 -86 91 75 -43 60 78 93 38 -29 -83 71 36 -71 64 57 46 -98 -49 -44 66 -14 20 10 -13 -97 -66 -75 82 -84 37 -57 -69 -23 -82 -62 87 46 -70 24 67 98 -56 2 -74 -92 -92 22 61 -41 28 26 -4 -52 86 33 -49 70 8 84 87 95 -74 68 -28 95 56 -42 -10 36 33 -44 33 77 8 9 35 17 81 -5 26 8 71 72 56 56 4 58 26 -89 -9 -38 57 17 -71 -72 -38 35 -14 2 -30 -82 9 -98 46 67 11 -70 -17 -9 -24 60 99 97 31 5 3 86 -88 79 47 3 -60 3 70 -81 31 82 54 68 -16 -77 36 43 -75 -69 9 -14 -38 43 77 38 -48 25 -16 83 80 87 18 42 65 -35 -56 55 68 65 74 -51 46 -23 -84 80 0 2 22 -25 34 82 61 96 24 -13 -17 76 63 67 8 -8 4 -74 -66 -32 -9 -22 -77 -92 -58 47 -43 39 -76 -77 18 -26 26 91 50 -41 72 -40 -96 -55 -2 -13 71 -40 -97 -22 52 7 -46 36 26 -5 -86 -1 4 -94 -55 61 -5 -31 85 64 44 10 54 -57 69 -25 -47 73 -30 51 -91 -60 61 63 -32 -37 -80 -27 99 -4 68 63 95 -29 20 -61 -68 -86 -41 67 78 -98 -24 -19 96 95 6 -52 17 76 50 -24 66 -40 89 85 23 -92 -43 -28 4 -76 -66 -2 -4 54 -12 -22 69 47 95 -4 -1 -80 28 -6 65 -67 -8
-3022 316
5149 22
-7546 219
-3470 6
9030 730
7454 393
-9713 315
-3463 622
2611 596
-9516 651
-5424 87
833 753
3852 740
-8841 379
-4840 53
-7244 750
1499 368
-5542 272
-5095 123
9186 45
-2174 171
-1356 716
-9185 331
-8726 687
-6883 747
12 230 601
-66 23 -26 -68 -36 -71 47 75 47 77 86 -77 -72 -29 -53 49 79 -15 -28 68 83 -36 -76 -42 83 -45 15 -23 -29 -99 14 5 -26 89 37 39 68 -67 -37 14 60 100 -13 39 -80 -15 -13 99 20 10 16 -48 74 40 10 56 45 -76 83 66 77 -3 -80 -100 -65 8 -11 -98 -9 53 -34 -49 52 53 90 22 88 -74 -30 7 36 86 60 9 -24 -81 -86 71 95 98 37 71 -6 7 21 -21 -86 -90 -19 6 63 47 7 -36 -51 -4 86 -63 -28 -45 -6 -92 91 -97 -33 -34 -77 -18 88 -83 -71 24 38 23 81 -42 -99 96 -32 -68 1 81 79 -93 95 78 -47 30 -86 25 35 -41 -17 26 -38 51 42 -65 -68 29 -48 -39 -98 40 34 84 99 -15 29 -84 17 -71 98 -55 87 92 -78 90 -28 88 -36 -94 -54 48 32 8 -52 -76 44 -20 53 46 -9 6 -14 75 -61 -16 -91 68 -50 26 47 -53 71 -17 90 43 -28 -39 30 -14 -33 76 84 50 -66 -69 74 78 -39 -24 -27 2 82 59 -24 -80 93 -65 38 -57 61 -16 -60 -19 67 80 -76 89
5002 145
1665 181
9676 162
-2165 139
-7577 196
3751 114
-7761 175
-4037 79
8747 148
8563 133
-3240 21
-7968 204
35 676 7055
100 97 -18 -44 -28 17 78 -23 -28 89 -99 -32 31 43 -73 -32 -56 -69 1 -38 84 53 53 -96 57 -65 -88 -84 -96 -8 0 54 -62 82 -91 10 -51 37 38 21 25 39 39 -45 -19 17 -26 -25 48 75 38 -19 27 -60 -14 -67 -25 -52 100 -71 -9 -1 33 29 -69 -8 90 -20 -72 27 51 53 -85 -60 59 -54 57 83 22 -46 57 -91 36 -67 -51 72 -84 -25 -81 -85 -46 -40 14 88 40 45 -21 29 75 8 -95 -24 -90 71 -34 69 67 73 51 -62 -74 -43 -53 62 -60 -53 33 -44 22 3 -79 26 13 36 -37 -48 -70 -7 31 56 -100 -14 -69 61 -44 -53 30 -77 -81 -70 -39 -55 -62 -41 58 -72 6 -60 -65 78 -7 -44 3 -94 42 17 -42 23 -91 90 -22 60 -25 -41 20 -18 6 100 -45 25 81 16 20 -82 25 -23 97 -70 -32 82 58 61 -62 -89 67 30 28 -75 -98 37 65 -70 -4 90 -11 66 -29 45 66 26 -81 46 93 40 14 17 67 -40 -2 85 -58 -45 46 -70 -34 -38 60 44 -13 13 -20 -99 43 26 92 83 -8 -88 27 -93 39 47 53 -19 -64 -84 48 -98 -24 96 38 18 -49 -17 48 -33 45 -42 -89 83 71 -59 84 -37 68 25 -55 -91 38 73 -84 -74 19 19 -43 5 35 -96 -43 61 -100 95 -21 -99 -23 77 -82 73 85 80 55 55 -79 -12 -82 39 64 -37 -2 1 86 14 -23 -46 83 34 59 17 -12 -84 -73 -62 -90 6 90 -62 -67 -92 -90 -83 38 65 23 59 -98 41 -53 66 54 45 -84 -10 -92 -57 44 41 27 -47 -43 -85 -31 -65 -97 -21 41 94 17 24 52 -23 42 -11 92 -36 99 95 55 96 10 -42 -9 -23 48 -51 -30 -58 91 98 -5 98 63 64 -68 66 93 24 9 -40 -53 -90 -13 39 -50 -21 -98 -52 -77 7 94 -17 66 -16 60 -37 -16 -70 -45 -26 -73 50 -29 40 -37 -46 -45 -94 78 65 -84 75 25 3 14 75 82 16 73 55 74 67 -62 39 -100 98 52 -16 78 -93 8 55 7 80 -6 71 84 50 27 61 -36 43 35 89 96 -52 64 28 15 36 -18 -12 -48 20 77 -47 -32 -22 -13 -55 -65 96 -100 43 25 -56 -37 8 44 90 -82 -93 -18 53 97 -73 52 10 55 -84 -55 -63 4 -52 7 -70 -49 75 8 38 -80 44 -17 71 -64 -93 65 -1 -35 9 -62 -17 16 -30 87 -38 -3 -12 72 -98 4 68 -61 58 -85 46 88 -34 21 -55 54 -9 39 -63 -89 25 95 76 74 -90 -16 62 -7 51 -69 -71 -88 -21 -33 85 -19 71 2 -30 -22 17 -85 -85 33 -14 -39 -14 27 50 -27 38 -25 -32 -36 -52 -22 -2 -90 21 99 92 1 -89 -80 68 46 1 -11 -53 21 67 14 -13 83 -54 73 94 -18 -50 43 56 38 68 -77 -99 67 -49 -50 77 72 -52 18 -78 -91 39 91 5 90 -71 52 11 96 -85 98 28 -89 20 21 -6 70 -86 -51 8 82 -78 -41 48 -27 9 -26 95 8 93 68 17 -19 8 -78 -30 37 24 31 32 40 28 -40 1 -52 31 95 68 45 94 -25 27 -85 -15 -76 -62 44 -1 84 -49 -59 1 69 22 -92 91 92 45 -36 23 -24 54 -100 -14 -45 99 -83 -51 67 12 94 92 -62 59 -74 -87 48 71 12 31
245 309
1002 159
1252 512
8679 194
1804 667
-4431 674
-719 261
-6386 162
-7863 151
-7448 602
-9412 238
-6784 196
-2130 572
6033 548
9268 654
2794 20
1386 59
4792 192
-8087 210
-3126 245
2846 181
-9894 223
8358 373
4106 411
-8309 207
-9436 513
3076 250
-9238 338
5549 132
9958 31
-4504 630
-1950 453
-2291 258
-6761 641
-2526 412
63 227 3194
-43 65 -87 -95 21 2 22 76 -63 89 36 73 -48 24 -46 38 66 69 -92 -59 -34 34 83 -49 -39 20 65 -95 -36 -87 -89 -29 78 76 -24 -52 -23 48 -77 -35 37 10 88 39 -67 -59 -24 50 -91 -15 91 -24 69 23 27 -71 -58 -59 85 -44 -46 47 28 -69 22 54 -71 99 2 -47 -87 -62 63 -100 77 46 -59 -97 -55 -99 -12 86 -73 -44 9 4 -65 51 46 -80 58 50 67 -15 32 -12 -62 61 -64 40 -87 -50 28 26 -50 -45 -78 -58 -42 -33 94 46 -47 -80 52 12 -26 87 -88 -81 57 70 20 23 -46 -49 61 -57 -89 98 83 76 98 -39 -49 98 16 -77 -61 74 -9 -68 -31 -6 -98 71 -95 -23 57 68 -54 14 38 66 87 42 67 48 85 29 -5 18 4 -58 79 5 -61 -6 29 -21 -83 70 -39 -14 -37 -36 -44 -82 -9 63 36 37 -74 -27 -47 64 -85 70 11 50 -2 56 -33 52 98 96 -43 -64 -61 36 -35 -44 5 27 -8 18 41 48 -14 82 -39 -79 18 -63 -55 21 -100 -90 -9 -39 60 89 -84 78 41 64 73
-3396 117
6308 187
-3613 16
-6895 189
-8053 173
-4108 4
-2442 180
6449 76
3631 170
-147 187
-3070 107
-8831 118
-9803 223
2778 172
-2031 146
9869 28
-7232 158
6197 133
1836 72
-8880 133
292 156
3114 23
-7776 127
2965 14
2740 15
-6708 35
6048 10
-2048 26
9856 138
-8274 96
-3479 134
3559 5
-8509 163
-4115 152
2777 146
4551 216
4018 196
-5362 98
-9052 162
9538 129
-2138 49
-9202 36
4733 142
-2404 116
-519 34
-147 110
4639 160
2732 145
6887 165
-9381 67
-657 180
-9828 73
276 207
-2957 208
-145 19
2353 144
6851 99
-932 40
-4377 16
-108 67
-292 193
4826 42
-3123 116
35 479 7068
-11 -45 51 63 3 -29 4 32 -33 61 42 -76 -17 88 82 32 90 -31 85 48 -99 4 -86 67 2 -32 72 90 78 -74 43 -34 -19 -7 -72 34 15 -17 -34 32 94 58 7 -24 45 -12 59 -15 57 43 83 8 98 98 -25 -1 -35 97 -11 -58 -78 -69 -41 -47 -26 -63 88 39 20 -47 -29 13 61 78 40 6 -85 -52 41 22 41 23 -71 38 20 4 -63 36 0 -24 78 22 -43 87 76 -19 -76 63 -80 -6 66 -59 58 26 69 -3 82 84 -5 22 5 -65 96 34 74 -35 89 61 -100 -12 87 29 61 -57 15 -14 24 -11 99 -6 84 64 35 41 -61 3 88 72 -14 -18 -57 41 -33 -62 -25 -60 4 -37 51 -46 1 37 33 -39 30 -52 -3 -46 -13 -5 48 -80 -42 -67 11 -52 36 -2 -81 73 30 -38 -37 98 -49 38 88 5 51 -11 59 -98 -75 -8 -87 56 -10 11 60 27 -95 -43 48 -86 -10 -42 -38 77 7 -69 -1 -64 -57 62 84 -6 -50 22 99 51 -90 8 53 86 50 67 41 -61 -23 -50 66 -18 8 -37 -54 48 22 8 24 79 -11 -78 65 33 85 49 77 85 -30 26 35 -70 -67 -12 -85 83 -46 7 72 -19 57 -13 13 -86 51 60 63 -78 -83 -14 -100 -43 -41 65 90 94 -37 16 78 -17 -59 12 13 -76 100 29 57 -97 86 28 -66 42 66 48 57 -34 -43 -31 -12 -26 55 -62 31 64 -98 -30 57 -34 87 -16 -1 78 97 -88 -98 46 -9 59 0 -24 -63 34 68 53 -19 -26 -82 -12 43 -44 13 -52 -6 94 -89 -54 -36 19 -38 -100 -98 62 28 99 24 30 45 -86 -61 95 -10 -74 28 -43 79 60 32 47 -53 -76 -98 60 -28 -54 4 -16 -58 18 -98 -45 18 -96 -84 96 54 40 -24 -52 4 15 -58 44 -9 70 51 -81 -21 -68 66 27 -43 18 -64 29 14 40 63 56 -43 15 -90 25 -30 77 -29 -77 -34 47 -79 70 -89 -37 -37 2 83 -86 21 -38 -54 -64 39 3 54 75 83 -83 -35 45 73 -28 -40 34 48 30 -40 -82 3 27 65 24 -54 76 37 10 -23 19 -26 48 31 -30 84 -31 24 -13 95 6 4 -91 -100 -74 -19 -90 60 79 -10 71 97 93 -3 61 -34 -7 -14 -98 53 13 -28 77 -40 -98 -53 94 -78 71 -20 -84 -24 84 -75
8080 131
-3962 103
-25 147
-3585 384
-4410 161
1382 229
4167 189
6286 401
-7019 244
-4178 248
-8392 90
7009 445
7522 382
2285 325
-5862 353
-2098 225
8290 246
-1391 336
-4471 407
-8645 392
8951 389
2181 345
1119 25
1560 72
1186 403
3436 295
3557 265
4188 340
5284 77
-5966 474
5702 169
-920 243
-403 452
3417 424
-9845 437
42 152 4004
53 -6 4 -52 -31 -58 26 70 -89 -100 98 -23 95 34 -82 15 -21 -40 -79 -59 -84 -12 -84 -84 71 -53 -100 -33 -100 -38 -23 3 6 32 51 75 74 -74 -5 35 -73 -8 62 72 77 30 -14 -45 90 -43 -54 -94 45 -37 -78 15 -40 74 33 -90 86 60 14 -9 -9 -86 -85 -86 -59 -40 -1 -82 53 -90 40 -21 40 -75 -16 30 -68 -20 -14 27 43 -42 93 53 -69 25 14 67 -66 78 -43 26 92 -77 -10 -68 -17 40 -50 86 50 90 -86 -10 65 -2 70 47 79 -45 -26 -29 13 -34 75 -5 41 -12 -89 75 -85 -81 -50 -94 -58 -9 90 25 -70 -61 -39 80 80 -25 -81 -6 24 89 92 -48 -57 -85 23 7 -19 -53 -99 72
-9549 88
9308 133
-5313 67
9076 49
-3233 126
5450 100
-2529 39
8276 10
-2576 93
-731 149
2297 110
-140 122
4265 71
-323 1
-1444 86
-4790 21
-212 31
-7287 47
-3007 94
3606 21
7698 129
-8120 64
5270 49
-1317 45
7823 115
-4317 135
-6046 150
5144 43
-8149 59
-9231 82
5813 143
-6865 32
4218 138
-6203 1
1358 55
8692 45
179 8
-8334 81
-9273 47
1863 79
2022 65
2390 116
97 450 5211
-38 31 100 2 37 -34 -31 -89 8 22 -50 26 -57 98 73 26 75 89 -96 32 -36 64 -23 68 -70 -4 48 13 73 79 27 85 10 -23 -14 -54 43 5 -93 -99 78 -93 27 71 -95 -50 -54 30 -62 -50 -89 2 65 -12 -80 45 85 68 -42 7 46 35 -9 -95 62 27 -98 5 -69 60 6 59 68 83 -21 23 -68 26 -98 -29 76 -87 23 -10 1 43 -65 -65 10 -57 42 -94 28 -68 -89 -10 9 64 95 -9 24 -50 -51 -9 -68 29 64 -85 -46 16 -64 80 29 59 -80 80 -48 -45 66 62 -52 7 18 76 -10 -20 -35 99 -57 -91 -11 67 -91 -11 -93 93 68 71 -93 -79 -64 -57 51 65 52 71 -5 -97 76 -40 16 -77 17 84 100 57 -37 -86 6 7 -76 45 -27 -67 -67 -19 -75 -100 -99 83 72 -62 76 -27 53 28 94 98 -19 70 -93 47 43 25 31 -8 -69 94 7 37 0 -19 -68 74 14 -85 -46 -10 -84 -95 -78 38 -57 99 61 47 26 55 44 57 -26 52 4 -84 -74 -66 9 -93 78 66 -5 -22 -54 27 -49 10 42 -45 50 8 -90 73 97 -46 71 57 51 -54 -39 -6 -98 35 96 -44 2 -79 -60 61 -71 -82 26 -26 -4 72 -100 -3 -19 -8 2 -69 -100 12 -97 47 16 24 -47 -34 70 15 11 22 100 6 29 1 -22 69 -39 -43 87 87 31 -68 8 31 -21 90 73 31 71 23 94 24 -31 -41 -53 23 -24 67 -63 87 -12 -64 -58 -84 -12 20 36 -1 77 -28 -14 7 -45 94 88 34 33 61 -85 3 -17 59 -74 53 -83 -77 -75 -7 90 -88 -71 -72 99 -28 95 -14 42 30 86 19 -98 -79 76 -43 65 14 41 -2 -26 6 51 7 -36 28 -91 -68 51 -66 -25 -9 97 5 19 96 27 -37 -69 -32 94 67 37 46 88 -37 53 3 77 -57 51 -50 50 1 7 64 79 17 96 -20 1 -79 71 -2 -24 -61 -7 -98 2 24 -80 -55 -59 8 41 -72 71 -57 -19 47 -13 -69 47 87 -17 -47 0 -39 70 -54 -9 -29 -33 -39 69 43 -50 -89 -5 3 -15 15 -2 26 73 -61 5 43 -18 36 -61 19 68 86 5 -50 90 -95 -39 59
3371 186
-2803 26
-5201 320
78 423
6202 153
-7227 193
3577 403
7381 320
6780 348
4177 418
-3926 168
-3724 416
-6867 331
-1595 248
7014 367
7491 326
8944 263
-4740 110
4385 324
-6049 194
7868 89
4410 78
4178 182
4376 398
5260 448
101 55
3643 13
8646 159
4562 49
6510 85
-3502 291
-600 174
-3872 365
6626 290
3718 21
4820 318
1021 76
4192 153
-5260 51
9878 391
-5439 121
-1225 267
3796 174
8701 81
-8088 39
-6347 242
2930 232
-8707 36
1434 303
-2988 41
-7784 16
-2101 37
4781 12
-7844 403
8100 395
-3037 113
5732 444
-9136 253
-3121 410
-8394 444
8495 154
-5357 381
-4246 255
4202 188
1297 398
-218 88
-3235 294
470 109
-2787 420
-5212 371
4660 60
-2028 34
-2512 17
-2639 275
2121 223
601 80
-8333 107
-4241 366
2343 31
-1669 126
-1384 39
-9128 446
-6766 443
-9352 190
-2311 219
5759 381
-9093 198
-9818 437
-9992 304
204 245
-9770 133
186 56
-2789 389
6761 258
-2931 232
-3087 1
645 304
62 441 3089
-73 -90 56 -59 68 34 2 90 18 -94 18 30 -70 91 -97 83 50 -32 85 6 -65 70 25 -99 -79 10 -66 82 -54 -74 -96 -77 87 61 -36 5 -56 66 -6 62 73 -89 -9 53 -99 -55 35 1 13 -30 -94 48 -61 -19 49 -40 91 33 -58 88 59 97 -90 -4 7 -25 -100 51 91 -6 13 13 5 54 -84 6 99 1 57 -38 71 63 -91 -91 94 9 -30 34 -59 -38 21 51 -92 -18 -54 16 7 -54 -34 -3 -10 29 61 95 -17 77 -50 -69 -23 -94 -7 -52 19 -47 -93 12 12 -73 -55 53 -11 17 -47 -52 99 -51 64 5 -55 80 52 35 9 -38 -21 42 -62 29 23 -34 35 67 14 -97 -81 21 15 31 49 11 -67 88 78 -13 86 76 -14 49 -70 32 29 32 -34 88 95 46 -21 -68 -76 -99 -52 10 68 62 13 87 -67 79 -33 32 -11 -49 -31 -34 38 -45 92 -77 54 72 5 -68 3 72 -81 -53 -33 -2 -70 -9 -50 -22 -100 -83 91 14 55 -77 -8 72 5 31 -78 24 47 10 79 -12 -16 -17 -41 89 15 12 10 35 10 77 83 40 -82 -68 -83 -82 -100 -93 -18 55 81 24 26 -65 -96 -1 60 51 -92 -12 89 -8 71 98 -19 -64 -40 91 71 70 68 3 9 36 -14 26 54 -14 -16 -64 91 -86 10 -34 -50 15 65 60 -85 74 -53 -96 -35 69 -99 46 -96 -89 -13 25 81 -96 78 -11 40 -37 66 -7 -1 100 -21 -11 -87 40 56 -37 -46 20 73 -31 -57 -80 -77 9 39 76 -96 -7 87 -59 -83 68 -55 95 -94 85 -92 72 -72 7 71 -43 97 35 97 2 48 -100 72 21 -80 -85 41 -57 -26 -71 69 -72 22 6 -30 -11 -77 15 -17 -71 -50 -59 52 -22 49 -28 35 -5 -94 -18 97 55 -18 68 -25 -48 83 66 -4 -94 95 -86 -65 -34 20 5 55 43 -81 88 23 -31 -71 -26 -3 28 46 83 -78 53 -36 -82 -43 -4 86 32 49 19 -3 95 -25 -59 59 10 -43 -21 -86 -89 72 85 49 -6 -47 28 18 1 -45 -36 -17 -23 67 -3 -5 -77 93 -69 5 -9 0 52 -65 75 93 95 -15 100 -77
2124 28
7724 18
-8142 126
2949 115
8638 88
1237 351
-1438 335
5498 286
-5303 87
113 253
71 339
9815 293
7147 32
-2403 249
5157 135
4915 330
-8597 400
9166 26
-5156 199
7016 307
6862 314
-2140 425
3607 417
-8298 387
5755 367
-8102 218
2023 90
-8032 365
-2476 143
1195 437
-7530 438
7402 310
-3810 43
4577 291
6122 36
4515 338
-6435 184
8406 427
-547 210
-7083 284
5644 382
4753 20
-3471 191
-9444 212
3728 368
-5826 41
-4697 93
-2488 321
-8137 247
-3753 438
7402 137
968 61
-3143 26
-4420 101
6923 421
-4763 183
7034 64
-2327 11
-9569 398
-4944 209
1144 431
4077 58
10 3 4
7 -4 -1
-10 0
-7 0
-7 0
-4 0
-3 0
1 0
2 0
5 0
-5 1
4 2
5 897 9257
-95 -26 -53 51 22 87 -66 36 73 8 -1 97 19 -50 -79 51 -82 16 -69 -94 2 65 -94 84 84 5 -52 89 75 -99 -39 80 -75 -42 30 47 95 14 -18 67 73 82 63 -9 82 35 92 100 -50 73 57 2 37 63 -14 -29 -83 -16 -91 92 -65 -30 21 -40 29 -99 58 23 15 90 -60 -13 21 -98 28 2 -13 19 -48 -13 -59 59 90 29 -29 -75 100 -61 9 -92 -70 -6 -22 2 4 57 3 -39 -70 68 -49 -30 -45 72 -78 33 -76 10 -48 -74 97 -57 35 36 72 -95 11 71 -56 70 29 -75 -37 58 -23 68 14 80 -72 44 -3 -71 64 52 52 87 -15 76 -54 -13 52 93 -20 -14 29 -48 -59 90 73 -64 60 2 -89 -78 -41 -12 90 23 -83 69 -83 14 98 81 -84 49 17 -49 -26 63 38 76 6 68 -39 85 -81 -47 74 93 -61 33 -56 -50 56 3 -12 -5 -75 -45 -87 -58 19 62 74 35 -40 -10 86 35 -97 -27 10 9 -59 22 -57 -90 25 -84 53 64 50 97 64 -45 -1 -49 0 -25 -44 14 -33 75 -25 91 10 -15 -69 -55 -81 -66 -31 -20 -7 -40 52 36 -80 -24 2 74 90 -99 70 53 -94 -81 54 7 -6 -91 71 11 34 96 2 94 -20 33 -61 -50 17 -42 30 60 -32 -69 -55 -12 -43 47 -39 -54 -1 82 49 5 -100 -48 -89 -56 -89 32 5 45 27 -94 39 58 -11 28 -93 56 36 -13 -35 -97 18 10 -59 25 -93 -47 21 6 -66 -81 61 -66 -29 23 -72 -18 -46 33 77 32 -10 15 -11 29 -58 -4 -15 78 33 50 31 -50 -90 73 25 -83 -75 -55 -27 -91 -36 -67 -57 -15 6 -79 67 61 54 -7 -8 -57 -92 31 23 -100 77 -93 29 9 7 -41 9 -33 82 -67 -66 -94 -22 7 66 -8 -9 -92 77 97 -71 -7 7 34 86 49 27 44 -21 -51 45 -45 -94 -27 64 14 -18 -28 31 -36 5 66 -80 33 -78 87 75 -37 95 1 -40 75 44 17 -42 -20 -34 85 -77 45 -66 18 51 -60 91 14 4 -27 37 86 37 92 51 57 25 73 -7 -51 -64 -12 51 -54 -88 -6 63 -80 74 79 -96 48 24 89 -35 -26 80 -94 38 -67 -21 -26 -82 66 -34 19 -28 41 -8 66 90 -22 -97 -10 -26 66 35 87 86 8 66 40 -95 -11 -21 -29 13 -42 -23 -100 -59 6 -75 -40 -79 -9 29 -7 82 -80 -92 21 -52 -89 -89 22 77 46 -41 12 -97 -76 -48 -91 -37 -19 -70 26 39 -43 26 30 13 51 40 34 92 -31 -74 23 -11 -65 -56 -12 97 -45 60 74 51 -82 -65 54 -58 -63 13 -45 18 -7 81 -94 50 7 37 -38 -93 -24 96 50 45 73 -28 85 58 -34 -78 54 -29 32 -23 -79 51 13 26 43 0 89 99 -82 -18 79 75 -69 -65 11 -6 94 38 -61 43 -68 -89 65 67 19 -69 89 -27 -48 21 50 -26 -79 -88 50 14 13 38 12 31 -81 -59 -45 -99 -74 17 -55 -81 -46 -16 12 -64 -54 -23 -97 65 -42 42 -63 -40 -88 38 -16 84 50 -67 -2 -38 22 -91 43 41 -100 49 42 -73 -35 87 -54 19 -79 59 5 -83 86 -42 82 94 -100 70 -47 63 -43 38 47 -94 21 95 -81 -58 54 12 34 55 -40 -25 82 25 -88 -73 94 84 36 -51 -100 -29 7 82 -36 7 1 -32 -80 58 56 17 15 -74 11 -16 -31 -36 46 -98 -82 -94 -73 50 -19 90 28 -75 73 -37 -26 73 -15 81 5 -1 -62 56 67 -92 -36 -28 25 29 -1 86 -88 18 -51 58 -30 -82 14 -3 68 46 -63 -55 71 60 9 95 -17 44 75 88 -58 63 -7 -91 71 57 -69 -55 -15 30 -70 -53 -53 -70 56 17 99 -31 65 16 -86 52 62 35 11 -80 29 94 64 -46 31 -95 -84 -76 65 38 31 97 33 67 -24 64 64 -26 44 19 91 42 89 5 -93 53 -44 69 -62 18 89 67 11 2 71 93 8 38 67 -78 -25 -53 69 -93 -87 -55 21 78 19 -36 -54 -41 56 -66 15 64 38 71 -18 76 -62 -79 -8 50 23 -37 -8 81 -100 -42 -97 -75 5 22 83 -31 67 4 97 -65 18 -58 -5 -76 -73 -91 38 15 30 70 -10 69 91 82 -32 -36 95 60 95 95 68 48 -81 -78 -30 53 -9 -64 -44 -63 -28 24 -20 17 48 -43 26 -65 72 -95 -95 -89 74 96 43 92 -91 38 1 -96
948 827
-6071 517
-4320 567
-5064 609
-8805 510
9 670 3325
-8 53 -64 -92 44 -33 -24 -32 -91 96 -74 80 -35 -64 42 -14 -80 -98 86 24 -32 -73 -19 3 -11 49 64 88 -82 96 49 10 -2 35 -31 -58 -99 -5 -40 62 -10 -14 41 55 -27 -68 92 -57 85 77 67 -97 54 -52 6 -58 97 -31 80 -86 -35 29 -26 63 -87 -7 55 -85 88 -86 27 -73 1 -83 33 24 -50 24 67 85 -50 34 88 -97 82 -7 97 28 13 76 -8 78 -46 16 -10 -32 -91 -55 -67 97 -41 10 -76 10 27 57 -67 77 -20 -100 12 30 -16 -1 -17 -85 43 -21 43 -45 -45 85 83 -41 0 -78 -23 9 -83 -40 -44 -23 70 -20 37 -3 87 21 -77 -34 -29 35 46 55 85 -72 70 27 -42 -38 32 -37 -54 -36 22 46 -64 50 -95 -46 -91 -39 -19 80 -9 -83 -24 -23 38 -1 -7 -92 85 -62 63 69 -84 -18 -55 -26 44 27 -13 40 41 -91 -64 77 9 92 -70 18 -48 11 -3 43 -21 23 70 -84 73 -38 76 7 -50 -12 -25 -34 71 -30 -9 -36 97 78 -96 37 37 91 -37 -55 82 -6 14 84 55 61 -24 -67 -66 -55 -50 -94 7 76 13 57 -37 38 73 -67 -93 -87 -52 54 42 -98 -60 -72 93 3 -26 74 97 38 57 2 -2 83 35 32 -73 35 -12 -16 10 51 -60 74 -12 63 57 -55 27 -96 49 -32 57 89 -4 49 -8 20 -28 -62 -93 79 -10 6 61 -75 88 88 60 -24 -29 -80 -74 -39 94 -35 75 0 -40 1 -45 -91 19 -89 48 65 61 90 -65 83 79 -58 62 -32 48 -28 -7 36 -90 -97 62 -19 74 38 -7 67 53 -83 -84 -87 -32 -29 73 87 -17 -30 51 -57 -40 86 76 -62 -72 37 6 26 -91 50 -89 -81 3 23 -50 -24 -39 -7 -58 -87 -40 -92 77 28 -20 49 14 63 -81 -85 56 -71 51 31 -33 29 -82 23 -45 78 -28 -84 47 75 40 47 -50 -100 91 -58 64 -50 -49 41 79 31 -61 -8 -57 -92 -43 49 -63 -92 -71 4 37 -53 78 42 -76 -51 59 21 -76 -2 -32 -76 -52 -42 -33 62 8 -32 2 -14 49 -8 29 92 0 86 -10 38 94 19 92 31 67 69 -28 41 69 81 -38 43 -72 -20 67 -24 38 84 -62 96 -49 -10 -18 100 82 61 41 -68 46 -70 20 -10 50 -39 -80 -34 81 -58 -94 49 -77 -82 -9 -99 -2 -93 -22 -65 92 -34 -69 -58 6 -37 -58 -62 -77 33 -80 19 64 40 -92 -37 -100 79 29 31 72 -15 -21 45 4 20 46 -99 -22 -77 88 -31 -61 69 11 -4 82 3 -16 55 -64 4 -27 50 -57 -68 -88 94 -90 41 -25 82 -75 4 26 -21 -76 -28 -69 -48 -55 -82 21 -65 37 82 -19 18 -15 65 -28 -29 -32 -5 -80 -39 27 83 -96 -12 23 -21 -31 -2 84 46 28 58 68 59 -91 -88 77 30 98 -37 11 -22 81 46 -58 -98 67 -40 -53 87 21 75 69 -24 -38 -59 55 -19 -10 38 77 68 -55 44 26 -46 7 -48 34 4 15 96 33 -55 -9 75 -53 -42 86 -6 95 -44 -82 14 32 -70 5 -13 -38 95 75 -62 62 -80 83 -63 -76 -11 -11 9 43 -97 4 -25 -52 45 -100 -55 -98 86 -10 98 -59 -42 11 24 -11 -85 -90 51 61 35 39 -28 55 -29 10 30 60 99
4183 120
-778 561
2260 620
-2380 145
5207 642
3294 639
-2742 139
7191 114
-4990 535
36 452 1636
14 85 -86 -23 12 -55 46 82 -93 -89 2 51 40 -12 -29 -19 60 85 47 -8 -83 -77 44 -38 -13 72 0 -74 -98 -2 56 -34 -68 71 43 44 66 -11 -25 24 -50 78 -26 40 -85 46 71 75 -20 17 -83 -3 -9 61 9 28 -17 -92 54 -65 -44 -40 1 -12 81 95 82 46 -17 -43 -31 -17 85 -6 -78 100 90 94 25 -81 -40 42 16 1 2 75 -71 35 83 33 70 -61 93 -29 -23 73 -35 -41 19 -2 -34 38 31 -100 -69 53 50 71 -4 -26 90 57 66 -45 -93 -82 -71 -64 53 63 70 -27 52 62 -6 -72 -15 59 -63 54 -94 -47 -9 -13 -97 -27 -61 54 -57 -14 78 84 -58 -6 -62 -51 12 -32 -64 -86 81 -95 -13 32 17 81 60 -99 -11 48 55 -55 51 97 32 55 -31 72 -42 -38 -43 -65 -55 -51 -21 -66 -52 91 2 -16 -95 -68 -61 -8 64 57 -27 -27 8 12 -80 -87 58 72 -91 -11 26 -72 -90 34 -10 -83 69 -14 -34 -52 20 -35 89 72 49 94 -97 39 -64 67 -55 -41 90 53 71 -90 66 28 32 25 -83 -93 53 -73 41 94 -55 -41 -71 -39 -43 49 26 -54 -30 -75 90 -27 14 -75 90 59 -66 79 -39 -95 39 78 -17 -30 2 0 -73 -95 -22 68 99 -27 78 -73 34 -66 26 -90 -70 96 86 -80 -82 -1 96 58 -93 -70 -14 -32 86 -75 -55 -32 -55 -2 19 -77 3 97 91 -49 -81 68 -72 3 53 4 13 83 -1 -52 -98 -33 -3 49 -76 4 29 -40 73 14 -65 68 82 -19 -35 -50 4 18 -54 -56 69 -85 63 47 19 15 -50 82 -3 -1 -70 0 66 -23 99 40 82 27 -100 4 -60 -65 -29 72 -34 -13 -78 20 -96 -82 65 74 -66 -23 -30 3 92 21 -16 -12 -81 -36 38 86 42 36 -25 23 -38 -25 77 -48 -39 -53 75 -23 34 97 98 -11 65 12 -38 49 89 32 -49 80 -98 -14 -83 -78 50 6 58 -9 -59 -68 64 -46 -42 40 -44 19 38 -70 96 -79 -74 43 10 42 -46 22 -60 93 -96 -8 22 -94 28 40 -72 -23 96 86 19 -64 -82 -68 -60 -24 23 -3 45 -40 27 -10 -69 4 84 42 96 88 -37 -65 81 -33
6901 449
6712 305
6611 26
5866 316
2317 56
3338 195
-5868 26
8695 353
9704 442
8566 191
-9420 125
6092 220
-8600 373
224 240
4985 82
9689 21
1258 7
-77 403
8904 364
6644 25
2390 37
-5373 251
-2034 262
7998 437
7993 66
6214 381
8489 327
-1836 332
5729 82
-4117 197
-7810 26
-3680 228
-588 84
-1241 67
-4248 430
-6744 401
67 40 2684
-46 -38 -74 -27 -85 -54 -65 56 74 -59 -79 86 53 -32 -86 -48 41 99 -78 3 -63 26 -100 -59 -27 77 -48 -74 -74 -90 -84 -20 -78 93 3 -63 -61 39 44 -88
-99 28
1958 23
-2182 15
-394 32
4472 38
572 30
5155 29
7601 30
2650 12
4931 16
-1372 15
7939 36
-9526 23
-4505 31
-7796 18
996 0
-6981 18
5483 34
-3924 1
8426 10
-4833 20
818 2
1281 0
8218 4
4326 29
-3201 20
686 2
-230 19
-7886 28
8932 23
-2610 31
-6136 5
-5957 30
-5033 27
-1845 10
4388 23
9832 22
-8914 31
7345 9
-7516 28
-6386 9
-7936 27
-8539 25
-819 21
821 1
5336 3
-4519 20
6062 26
-7733 1
-6636 34
1862 36
1187 34
-7044 34
247 33
-7262 21
9412 26
-4266 30
-9348 26
7032 12
4493 12
-8334 3
-217 30
2749 24
6672 18
4314 22
6602 29
-8493 13
21 293 9277
71 -44 15 -1 33 -3 92 93 71 15 -38 -64 -5 7 -97 -81 -40 -4 99 -70 -66 -15 92 -97 78 -11 57 64 51 -87 40 -29 -81 -46 20 2 51 -39 -5 21 26 7 58 -80 -87 11 -60 -77 57 89 -96 41 -77 96 -6 -100 -15 -49 14 86 -86 -47 -43 85 7 27 -14 -43 89 81 78 14 -13 -15 35 0 97 25 24 3 -37 -22 -56 -14 -27 38 -64 58 39 50 44 4 -98 51 -12 -41 -23 74 16 -35 5 -57 30 92 -21 -86 -58 -75 -11 16 28 52 94 72 88 -84 -40 -77 75 99 23 -32 -48 25 -82 40 34 -55 -36 -51 11 69 -58 91 10 21 -96 2 46 -57 68 -76 95 61 46 82 28 -95 55 2 55 -23 20 -94 52 38 -3 -15 83 61 -16 -57 -21 -24 84 89 48 38 -59 -57 81 -92 -33 75 20 -87 6 -53 69 -90 -1 23 -13 -82 -20 89 6 77 -77 -62 -13 7 -18 66 34 -85 4 -19 54 -5 24 34 4 92 -41 -77 55 15 -80 -27 26 19 47 63 37 -74 52 -58 53 75 -20 90 -68 12 5 66 28 -92 -54 -69 4 70 65 58 11 -77 31 -85 39 51 -11 -36 -31 -65 77 56 -89 28 48 64 -47 78 3 -15 -10 -93 -50 68 -85 -54 99 -31 66 13 77 -73 37 7 -58 -75 -43 -19 -61 -24 16 -85 -69 -23 -6 79 91 47 57 -7 82 97 0 82 14 -34 -73 -38 -15
6810 133
-878 278
7446 135
-9412 292
1841 271
-3379 63
-5696 245
6200 95
4779 244
9537 31
9655 149
4409 34
6284 102
-2863 60
3122 286
-9573 69
2378 44
-4280 40
483 180
8294 25
6681 6
42 436 2508
-61 -90 49 -45 69 93 -73 46 -18 34 27 61 35 99 76 -25 -40 49 69 -96 -96 -63 82 87 -55 -35 -58 -11 -40 70 64 0 30 12 5 -2 4 32 95 36 -85 -29 -4 50 -31 -28 -75 30 -80 44 34 75 32 -35 12 77 31 54 -85 91 23 79 -60 -97 -60 45 1 44 -73 -55 -71 -58 17 26 93 86 48 68 15 68 -39 99 -8 93 -36 -97 19 45 7 35 -15 81 13 26 84 54 -80 -66 -53 -53 -20 -23 -60 97 53 -68 82 0 50 -53 -83 -90 -55 9 54 -41 -37 -28 -97 70 -94 -61 0 -30 65 -17 74 85 18 71 83 98 98 -78 94 50 -46 75 -51 54 72 -84 64 -83 26 17 -74 39 40 81 -42 -4 -81 59 66 84 -59 -11 18 9 -40 0 6 -43 22 -1 58 26 -76 57 -21 96 74 94 63 -51 -40 90 88 100 70 96 -4 89 4 -89 22 -4 1 -61 -96 11 40 11 18 -89 60 -25 38 84 -68 -84 30 56 60 -58 -96 -80 82 42 -81 51 37 -35 -11 92 -23 61 -13 28 -100 -9 -62 -10 -99 6 1 62 82 89 -5 64 56 75 19 15 -83 23 35 99 -86 5 0 1 70 39 -8 97 0 79 -26 -50 -30 -38 40 -29 69 91 83 50 80 -72 -37 35 -98 82 -51 -81 -46 35 69 -32 -61 -32 69 -92 -94 -39 56 -44 90 -71 6 -41 -8 96 -19 -40 87 -37 60 16 -9 -78 -50 -56 54 -51 -87 58 84 82 -75 -78 100 44 82 57 55 37 -88 45 16 -31 54 -93 -36 -66 -33 -50 -2 77 16 39 99 16 83 2 66 47 -41 -1 28 -16 -28 28 79 -47 -16 -17 40 -54 78 -45 15 32 -87 80 66 -70 80 -87 -93 -4 53 -95 -89 -15 -42 27 -69 17 -74 10 -99 -52 -63 30 1 -29 -88 91 -33 91 -55 33 22 -42 12 -63 -61 -59 -49 -54 -13 54 -99 -51 -62 -41 26 -80 77 2 30 28 50 17 -43 -50 38 -81 91 55 60 -64 -13 -69 -56 49 -31 -17 91 20 -21 -73 -27 -19 -24 -39 40 -98 -69 -34 4 11 94 -46 78 -100 -46 -35 -80 -55 -80 30
-9762 57
9707 180
3257 152
-4502 120
-773 182
-4546 389
-7341 159
-4150 256
-7184 373
-6020 118
-5794 185
-8594 278
-1835 57
-1281 386
8655 97
-6071 217
-7943 34
-2672 337
-3588 234
-5687 373
-8677 365
4531 134
-6941 227
7977 303
-3374 121
6617 342
6411 169
7087 373
48 312
-4496 166
8115 177
5036 37
6789 161
9206 397
8911 119
-7441 100
-9274 40
1658 389
-8810 189
-339 248
5312 150
8650 340
92 864 7310
9 13 19 0 -59 13 -96 -28 -89 84 -52 56 -73 78 -78 47 9 81 -45 -78 53 -47 -52 28 67 76 -63 60 -11 -77 -29 98 -14 90 -53 -23 -48 -99 49 -36 86 97 -81 63 25 92 9 -67 22 64 -45 -26 -83 -47 -98 34 80 90 -57 -82 63 14 -84 -51 3 -87 26 55 -85 -75 69 51 -79 39 13 -4 30 -79 30 -48 86 35 -24 53 39 -72 -64 -32 -83 -21 -14 81 43 2 80 -55 -34 5 50 -19 30 -31 82 2 58 -6 98 -13 -35 -23 -11 -50 63 66 53 1 44 89 69 62 -83 -46 -8 60 7 -29 55 73 26 5 -97 -44 24 85 8 -19 -72 -45 18 -7 33 -93 -6 -5 23 -54 46 -34 86 -36 78 -98 -32 -31 63 75 -10 17 -3 -84 72 -50 -78 -55 -66 30 26 -88 85 -56 6 -33 -99 100 12 24 96 -43 40 81 21 18 34 90 37 -4 14 78 63 62 94 -15 -89 66 -20 97 -55 -94 -92 -71 -100 -36 -53 -99 -37 59 -25 -41 -84 65 90 -13 -18 23 -74 70 69 41 47 32 -48 -10 67 -37 -95 -54 -91 -50 -98 -82 -71 53 -18 -24 54 -4 -65 79 55 -49 44 -6 38 76 -83 15 45 86 -45 -59 -33 7 -19 84 20 -14 -70 30 -14 83 -2 16 36 30 92 -61 -75 -74 -82 30 -73 12 -76 16 -13 -59 -70 83 77 -65 74 -56 -8 -95 -73 62 -59 -93 -9 28 41 39 94 -24 -31 85 15 -6 62 -17 -76 39 45 99 -46 83 -61 -66 15 66 -31 -12 60 61 -57 38 23 -15 45 64 63 -15 3 56 11 72 -10 77 -35 -99 -41 -61 41 -96 -63 95 87 -74 -71 -49 93 -52 39 2 60 33 -61 -68 -83 35 96 30 70 -52 -65 -19 70 25 -43 86 27 -34 -76 -33 -80 -88 -89 -94 -62 91 -43 81 -61 47 -17 49 -21 -28 81 -54 -94 26 26 77 75 61 -43 -6 -15 -36 -21 62 30 -46 79 51 -34 41 7 -46 31 15 86 20 -89 -82 -32 -60 -10 -52 -64 -3 25 62 -77 -51 22 -70 43 57 -6 -78 -31 74 -74 98 24 -8 38 82 -4 -31 -4 -19 39 -43 -51 -93 -3 40 -95 -17 87 30 -56 -91 79 16 -61 22 -78 -17 -6 -59 -44 20 -61 81 62 77 12 -43 96 -93 -11 35 -86 38 42 11 -73 47 44 -87 -73 88 73 -95 -47 62 -23 -25 -56 71 -33 1 -10 6 -69 -99 -18 43 -41 -72 0 -2 63 14 86 -46 75 -87 -100 18 77 78 -45 50 84 8 11 -40 33 56 82 100 -94 -79 5 -63 -77 38 80 -68 66 -71 30 -22 43 15 32 -33 -22 -18 85 -45 -40 -61 55 -57 -3 -85 -47 -71 21 -66 -71 27 -44 -16 64 -71 72 -7 -39 -13 -28 91 65 -86 -45 -54 -19 34 29 -85 89 89 -96 -7 82 1 8 85 -19 -71 70 -40 56 76 44 -30 -96 -34 13 -35 53 86 -45 -32 50 10 14 82 94 -58 97 32 81 52 -76 62 -48 33 -3 -17 62 -34 43 -33 -59 -63 -13 96 3 -100 -40 -45 36 -35 -27 -15 25 88 -34 19 -71 -87 -50 -90 15 -25 22 17 -93 69 -100 19 85 43 36 -75 80 -77 71 -18 -77 -70 -12 59 -5 61 94 -80 -2 -90 39 28 74 39 -12 -12 -87 60 -96 71 -21 55 -61 -37 -2 76 -61 -73 99 -91 -40 72 -60 -2 -20 -15 -42 -27 5 7 -67 94 -66 -94 33 -28 -56 -4 82 100 -83 -40 54 -44 -26 -49 -69 13 -71 80 22 -11 51 12 87 -70 98 95 4 -48 1 -13 97 -15 -6 -21 7 -12 75 -11 -13 92 -1 -59 99 73 -58 -71 -65 -29 -91 8 60 60 -81 46 41 67 -9 -56 70 92 31 66 -23 75 -56 84 -37 -82 -78 50 61 22 41 59 -56 84 38 -20 -46 -3 38 65 -93 57 -40 48 -26 51 42 -57 43 -28 -92 70 98 -48 53 -90 -80 26 10 31 -53 -49 -61 -59 -66 78 -29 -62 -26 -92 53 -69 16 -87 79 90 64 20 83 -44 43 91 -75 -10 93 29 0 63 -46 -91 -56 -49 -40 -17 -8 -56 -40 64 -67 -15 22 86 16 -63 99 -55 77 13 65 59 69 -43 -1 95 47 -59 23 -54 55 27 -94 99 78 -34 -19 -31 -39 -8 83 -6 27 5 -21 93
-1703 316
291 661
1559 747
5643 532
2099 357
9280 434
-8581 486
-1612 440
2037 105
6834 575
-224 572
9213 339
-9080 290
6385 579
143 31
5661 594
-3038 442
-4569 470
3066 663
9985 703
-9792 253
8346 596
-1459 329
-7002 493
9995 246
397 576
-2182 718
2858 273
9671 693
-2197 815
-2060 662
1975 208
6857 520
7144 149
-359 850
-7472 508
-9889 294
1478 147
1328 860
2951 226
-8251 14
-5187 676
-9603 438
-4254 44
8076 521
7323 576
-1825 124
-9083 592
7865 632
-7605 132
8909 315
-8924 441
-483 48
-2328 401
4471 398
2168 319
-2310 149
6950 312
-4186 249
5596 23
-6314 800
3626 258
-343 552
-5666 289
-9956 313
8749 74
9094 229
-8307 405
6099 273
-545 769
7429 153
7952 667
-234 388
-9354 58
-8682 55
-6810 127
6602 713
-5693 500
8801 821
-8778 306
-3468 378
-8482 66
9795 64
7956 468
-9983 862
3903 592
6475 182
5 486
477 542
-4459 791
4335 242
-5760 173
95 920 9826
28 25 -51 -36 -31 -66 47 12 78 -24 -5 22 74 26 -60 -94 16 -17 -26 -74 66 -74 30 42 6 44 34 -69 22 50 29 -51 -75 29 -37 -6 63 -91 -95 41 -64 1 -88 -91 77 -47 -85 -8 36 -10 18 -49 -34 99 94 72 42 -23 53 -87 -73 -68 -38 -48 61 25 46 23 -15 1 -87 21 -99 -74 -20 79 -71 -5 -80 15 35 -11 67 -99 -13 60 23 79 -64 -24 93 -87 8 -96 -35 -82 -20 61 41 15 -38 5 -65 -37 -19 15 92 -40 60 63 75 -55 -49 41 97 -12 -50 19 -34 -63 45 -92 -50 -98 -87 -34 -80 -57 -74 12 58 -12 67 93 2 98 -43 -57 -43 67 -95 82 -89 -94 -27 -93 -6 23 -23 11 10 72 19 11 75 -18 77 45 25 -98 -94 -18 -9 73 -76 43 70 -69 86 77 99 42 59 -91 48 -69 68 93 4 95 3 65 66 72 -25 -10 -46 -49 -65 29 -47 -59 -89 -6 65 86 -64 -16 -83 -78 -39 -85 14 70 75 -39 51 -8 -97 -96 -14 -44 69 -48 -72 -57 -8 -68 -56 -23 61 -52 -31 22 42 -67 8 29 -33 25 1 28 40 -86 -53 -36 -75 48 57 -71 53 -58 -15 -29 -56 13 -35 37 45 9 -87 -44 57 -18 78 -1 -35 -15 -73 33 60 28 -90 -51 -8 -42 14 17 56 -30 46 8 -38 -69 30 7 -6 95 94 90 3 -94 -55 -40 -61 73 9 4 -92 -14 -64 68 64 98 68 -45 -45 -19 72 61 1 18 -31 63 -1 99 -81 43 93 -88 32 -55 70 27 5 -92 -50 64 -38 -42 -51 -51 76 63 -54 43 -83 1 -77 90 -39 -26 -43 -20 -63 6 -72 -94 -52 71 -81 31 -84 39 -43 -29 47 7 86 59 15 85 -93 -9 48 -47 -67 65 4 -93 4 16 -19 11 96 -32 67 75 -75 -85 -5 -56 46 -39 33 53 33 -71 -40 -32 88 25 -48 96 -85 100 -52 100 15 3 57 -82 -82 88 -20 64 -94 -54 38 -69 -89 84 -75 57 -56 58 -40 27 87 -30 95 74 95 -53 19 61 97 18 60 11 -80 -34 -20 -62 -47 10 -99 -41 56 -10 -60 68 -27 -35 -26 17 -78 34 -56 59 54 89 33 49 -65 -99 9 83 19 -82 -7 39 -16 23 77 -13 -68 29 -3 39 -82 37 -44 -59 53 30 8 75 -86 52 34 18 -9 -84 -34 -24 -83 25 -42 -13 -7 2 -75 77 -76 53 -86 -93 -19 -39 -4 -51 98 52 -60 0 -69 48 -25 96 -50 59 14 41 25 80 -84 -8 -45 -25 79 48 27 -96 -25 1 7 -61 8 38 0 -97 87 -53 5 -74 48 37 24 73 32 74 31 -55 14 -95 76 -19 -3 -70 6 -24 28 -68 -70 -98 33 -13 -59 92 -76 41 45 61 39 -50 37 -14 87 -40 -42 -32 -66 39 -36 -2 44 90 79 -60 70 -16 -34 -3 -34 -4 -50 100 83 -9 41 57 83 -15 17 21 -15 -47 57 -79 14 -86 -10 -2 53 4 46 -54 -7 25 -14 -38 59 3 59 -75 49 -92 75 -18 -50 15 -62 -68 50 56 3 -65 59 -41 -44 -78 -77 -4 20 26 100 -34 72 -8 41 -93 54 -51 10 -37 -26 -41 -79 99 41 -29 -37 79 -47 -87 -16 6 -52 -57 15 -46 -35 38 51 86 -37 50 -99 85 93 -8 93 -4 41 2 9 66 11 31 64 -49 52 -73 81 -95 -60 -36 -39 -62 7 77 -8 73 14 93 8 28 -7 -41 12 -65 51 -46 31 -59 7 -60 -94 -83 21 71 -31 -28 48 -51 -73 38 13 -11 26 71 -35 68 43 29 61 -100 -94 -97 -91 -31 -62 60 23 69 51 -71 59 58 -53 -21 -22 -34 52 76 -35 79 13 78 -83 -62 -2 -18 56 91 62 16 91 68 19 50 87 7 -41 10 -24 -90 -11 85 68 -14 -36 96 52 66 71 67 44 -67 -5 12 -79 93 44 77 84 5 -57 24 -77 12 -26 -91 -81 33 -31 -55 -7 59 -71 -90 95 -7 -95 -3 -42 26 -37 53 59 58 -36 80 51 -93 7 -16 -37 50 58 -64 -39 -69 -55 -20 15 -35 -25 58 74 5 69 68 98 74 -36 -94 0 -22 9 -92 -65 23 39 36 -20 -55 70 43 95 28 79 -95 9 75 -64 74 -61 11 32 -88 -85 0 30 64 -77 95 70 -27 -28 -72 -18 -43 51 -80 44 -70 -85 13 24 -91 -60 -48 65 0 -74 -100 -27 -85 -38 -96 78 -73 4 8 91 28 -48 10 -100 -26 38 -68 31 -62 -98 -76 -31 -83 38 93 77 28 -56 42 -73 -79 -8 1 -64 54 -45 65 32 60 -28 22 -63 -26
-6706 163
6858 546
5233 673
5673 489
-5972 575
-6194 56
-5374 129
-9704 630
-8221 817
4406 80
1074 820
3875 168
4645 254
8559 910
-1074 360
-9434 769
-1084 736
7826 348
3064 200
-9074 498
4553 226
1585 108
-954 169
-8031 315
786 13
-594 251
-2846 107
7957 519
-5878 858
-5305 629
-9088 144
-1012 166
126 218
-8583 122
-5968 432
1444 538
-2924 519
7764 686
-7648 137
8110 426
-2730 741
-7562 0
4517 440
-6336 554
6910 701
5408 349
-8938 678
5092 478
8652 110
-8181 658
8854 565
-8732 872
-6266 595
3214 524
-73 65
-3335 227
-7442 51
9063 79
3218 420
9436 214
4806 832
5392 391
401 158
777 830
713 486
5457 154
3301 517
-3342 559
-6802 90
-6880 269
4915 457
4043 305
-3671 68
8269 344
9552 33
3396 34
-6291 793
3946 800
-3289 639
-3117 564
-8961 624
4432 9
-7216 169
5096 678
-5319 404
-7171 678
5443 787
-9211 714
3698 384
-8682 688
-2076 368
1327 628
942 492
-537 865
3716 563
24 875 5968
46 -15 57 44 -74 -40 -8 -26 -98 16 -9 -11 2 49 -45 -11 74 -76 -5 12 10 -47 -91 -73 -8 -11 0 93 -25 64 -31 72 -51 77 -35 -75 87 57 -1 89 -77 90 -23 25 -12 -18 64 -39 -44 -41 23 67 -38 33 44 5 72 -57 -3 -53 -93 67 69 -94 -7 -67 -69 -21 90 -20 -83 63 -81 -56 -62 -43 -23 -99 18 33 -40 -59 -1 -27 24 93 78 -5 -64 -26 -8 94 91 -40 50 -17 -7 31 12 -67 61 -21 96 30 -26 -67 87 51 86 -46 -17 96 -55 33 -32 69 25 -55 -86 11 20 6 -46 -40 17 -97 44 -91 -16 -95 93 -56 -15 39 24 59 72 10 -41 7 65 42 3 -91 -76 71 29 50 -84 43 -90 -14 -52 -35 46 65 -82 -61 25 3 -55 -33 -3 -20 -95 -79 89 28 -19 -53 -66 96 39 37 -95 64 8 34 -37 -26 -74 -77 10 -26 -12 -45 90 -43 -5 -36 10 -10 31 57 70 37 28 58 -36 -91 55 -52 -96 -7 86 60 -94 -57 -57 -81 -33 -31 -57 77 -6 -19 82 -17 38 -24 -3 98 66 -73 55 -15 64 -18 93 78 -59 47 -74 97 91 62 6 97 55 50 -84 72 69 -91 48 -88 -10 29 -55 79 56 42 76 -29 70 -20 57 -17 13 49 -39 54 -54 -63 0 -64 49 -94 83 -47 6 99 -76 -76 58 72 -63 -52 -50 -18 77 -95 75 2 -73 44 83 84 77 -55 -18 88 99 -22 75 -51 14 23 -45 -3 76 11 -55 50 35 54 -29 72 52 22 -96 28 -23 29 80 4 -28 62 -13 99 57 20 87 6 98 61 55 -38 -66 -91 9 60 20 54 10 -96 -43 81 27 -92 2 31 36 80 -41 16 -67 -19 -73 -29 -21 85 91 -85 -10 38 77 -56 100 -90 -97 8 70 -27 -88 -21 -23 -31 -90 -97 -22 -38 -16 64 92 -7 -71 -75 24 -93 -4 54 92 -14 69 -69 74 45 -75 74 5 79 -69 -75 -49 94 -46 -22 -87 -36 -68 -59 27 -34 55 18 60 85 43 -67 92 -62 87 33 -26 56 64 -52 -50 39 72 6 17 53 31 18 -3 85 96 -40 100 -73 1 -24 -56 -95 44 -97 40 -13 -64 31 -25 74 -87 0 29 27 -2 29 -35 -81 -66 82 72 15 -1 -82 0 -55 -22 -51 -78 29 25 -34 35 -32 -81 -76 5 -94 56 31 80 19 -70 -42 -54 -22 87 -39 -3 72 94 -82 -14 -8 88 36 -13 -35 35 10 45 -91 26 -71 -22 46 -47 33 2 59 -37 -69 -22 -57 -11 24 -29 -75 35 68 47 28 37 -67 71 24 19 -43 39 -46 17 -17 -37 -57 12 -9 39 16 75 91 -26 88 -79 2 82 10 76 -48 -15 11 71 -68 -62 7 -85 -92 81 -16 -84 19 -12 33 53 52 26 -86 93 -86 30 67 -96 55 55 -75 -44 -14 -15 -68 38 21 43 8 3 81 65 18 40 -5 52 56 65 -60 -12 17 42 65 31 34 79 -89 -49 34 66 56 9 -79 -59 95 -97 79 -35 46 -63 68 -23 52 -65 -84 98 87 72 62 -74 -91 -22 68 74 59 -48 3 70 3 -64 -15 -42 45 -43 -1 -11 -40 -73 54 -94 -86 -29 -67 67 6 100 64 -57 71 25 -31 30 53 88 -46 -39 -61 57 82 42 93 -34 50 -13 23 99 77 34 -75 -20 -10 -60 52 23 57 -93 22 20 -50 -58 95 -30 72 -3 -43 76 8 -4 32 -11 88 -26 6 37 62 -72 35 -12 12 10 18 -99 50 -81 -26 6 78 46 76 -73 88 20 -3 10 67 4 -15 -25 100 68 64 37 -59 -31 -27 53 -52 58 91 10 -32 9 12 -83 -22 36 -26 -45 -18 100 -17 -81 -30 30 29 -64 -66 65 -39 84 32 76 21 23 95 44 -24 -58 2 -34 3 70 25 -86 37 -97 0 61 -42 82 11 -9 -99 81 72 -20 67 56 95 -72 39 26 54 -91 100 48 54 -25 41 -95 -9 -57 25 -84 -93 -89 70 7 73 78 -61 -67 -31 91 -87 91 -30 30 46 -85 8 -16 41 -39 -56 -10 -91 98 65 0 -98 -44 43 27 -78 50 38 92 -94 -40 69 -55 -7 88 -65 -44 78 -44 37 23 -29 -56 58 62 -44 -99 -48 -85 49 67 15 1 73 -93 -73 95 7 15 36 13 26 -45 59 69 93 44 76 21 50 12 94 71 6 51 -17 12 2 -15
-2852 215
5195 264
-5822 314
-2933 419
6762 532
2728 414
-7884 298
8188 332
-8333 687
2078 385
-2357 138
-5491 700
8563 573
3777 228
-3464 2
-3965 447
-7084 69
-6100 158
6868 135
5255 93
3706 655
-1515 247
-8491 745
710 462
6 548 9926
49 -21 32 37 -30 -65 62 -22 -35 21 86 29 11 -34 20 12 73 85 66 -89 58 -4 -79 -27 -89 69 83 -13 100 -18 95 48 61 -24 -65 -70 12 47 -42 27 -83 -57 -44 28 -41 26 91 83 10 6 44 -83 52 65 -59 63 33 74 -50 -17 -95 95 81 66 -29 -85 47 33 13 55 -91 30 49 -35 -92 -93 42 99 40 -99 -46 -16 -81 -94 -52 -90 69 32 84 69 65 39 64 45 4 85 11 -100 17 -77 56 26 53 4 42 11 -39 -67 -41 -99 -66 14 -65 -47 20 -67 -87 -12 65 47 -93 29 -15 21 -76 40 5 35 40 72 58 -55 -53 -40 -1 39 72 61 72 -70 12 -94 -6 47 -91 -87 80 -77 -48 -5 20 -41 74 -95 80 98 45 -66 32 -16 -95 -61 -20 -98 -50 79 42 72 -11 -37 52 -100 -81 -54 -3 -71 -41 -73 -98 -39 22 22 20 -5 -23 -51 -57 -79 -17 25 -44 -62 15 36 -59 15 -36 33 -14 54 46 88 4 66 -67 -99 45 -57 -72 -3 4 0 69 -76 45 -54 -77 88 -83 7 13 -27 -5 78 59 36 -8 -77 -82 78 27 65 65 -70 -20 49 82 -76 42 -91 21 -55 -41 -61 -81 -96 -15 -57 92 3 0 -46 26 95 -69 -15 -19 -27 -42 -1 -100 35 -87 66 65 -57 -36 47 -33 -95 6 38 -100 66 28 -80 70 -88 -87 11 -35 13 16 92 7 -3 -74 88 71 -66 -63 71 69 -100 -14 -17 -56 50 80 -39 5 -14 50 6 -99 -23 26 71 -61 39 -69 5 -99 47 -54 8 -56 -78 -54 -86 -94 -67 35 25 -67 -79 -93 -73 21 38 -61 77 -77 89 -18 -76 -85 58 45 -46 -54 26 9 -53 -27 55 5 -33 27 1 -69 33 34 66 -93 18 37 66 45 -92 3 34 85 -24 22 -84 -50 -13 74 95 42 70 -30 -50 67 43 56 -29 60 -68 23 91 16 -44 7 23 24 -57 -12 -81 -49 41 53 86 -84 -75 -99 -34 12 25 -90 -47 -56 -19 -46 -90 74 60 -68 34 92 55 24 7 -90 -70 81 35 -76 -32 54 -75 60 -44 -89 76 -19 63 -58 94 -62 -48 -54 -18 33 -50 -7 -43 -91 25 91 52 -21 14 -42 -61 -5 89 24 19 -93 -73 44 67 -16 5 42 65 -32 84 58 -44 87 55 38 -31 55 -70 26 65 5 16 -34 34 81 24 74 -25 13 -53 44 -30 -25 -13 -64 9 43 78 -27 -90 12 82 -34 -2 36 54 67 -60 35 -57 -96 -61 59 -30 24 -11 45 -53 64 -93 -6 7 -23 19 45 -37 -73 -13 -60 -49 -53 52 83 -37 100 18 -84 17 8 51 60 13 41 -32 33 -36 58 -73 -39 -29 85 55 79 -89 -76 -27 -26 -99
-2430 149
5047 324
7887 403
963 113
-618 281
-6428 335
60 607 5739
73 -77 73 96 29 94 5 -42 4 -47 -54 57 56 -12 -66 7 24 13 -97 13 26 -61 -51 31 -17 -4 -91 67 9 -2 100 -19 22 22 -24 -50 16 31 -42 -81 85 4 76 -10 92 60 47 -35 -28 50 79 49 89 -73 -71 -78 -26 -61 89 83 37 38 -37 -42 -40 -10 -42 26 -80 16 -5 55 -81 -30 -55 61 80 92 -74 -48 -8 55 51 -70 32 80 -48 -95 -82 91 88 56 29 -99 64 39 -9 -78 -36 -39 38 59 -84 8 79 -89 -32 58 53 -56 60 -56 49 10 -25 -69 -10 -23 -64 8 -32 75 -87 47 26 78 -15 67 100 -1 -73 37 -93 94 -56 86 -96 -37 -7 8 -43 -97 52 -94 -37 77 -63 53 -46 -77 -89 22 98 75 -32 -27 52 3 -61 1 -99 -83 -62 -92 -90 -68 44 66 -55 87 -27 3 40 75 9 -97 52 -4 6 -95 19 -33 -23 -33 -58 -5 40 44 98 30 -55 49 47 -67 7 7 -85 -100 -28 -89 87 -5 14 -23 -30 73 -20 -79 -32 36 77 87 -97 -47 -47 96 -2 44 39 -5 -27 34 94 -81 17 0 26 -17 0 49 -6 -64 -57 -93 13 13 30 43 34 98 -21 -40 84 -18 13 88 -73 -90 31 16 -45 -97 -50 99 73 17 -52 -2 50 48 97 -57 35 -60 -100 98 53 30 41 -63 -23 70 -3 -39 -99 61 99 -72 21 29 44 27 32 44 25 -46 -89 74 52 61 -29 -1 55 56 39 55 4 -59 -65 -56 -22 12 64 26 23 65 -64 21 93 57 -51 36 -67 31 -70 59 85 -59 -18 -13 -99 3 86 56 -91 -26 -39 13 15 -54 7 44 58 -30 -31 -69 -66 -45 2 77 -89 2 -38 -55 -68 -8 54 68 33 86 -96 -15 -62 40 -60 -53 -87 -49 10 28 -3 -84 -79 -95 -64 -60 -64 -30 -5 38 97 7 -61 -41 2 -78 51 -95 40 -16 91 44 69 79 -17 59 -74 -54 -90 36 24 7 3 46 12 39 86 -2 60 -19 87 56 38 -75 -86 -61 98 16 95 -13 50 85 81 -32 63 -87 -74 39 -41 87 -75 84 -6 28 -21 56 -84 -36 -46 76 -5 -60 -18 -68 -85 -54 -79 64 62 -85 -50 11 50 -69 79 13 -56 56 -99 -46 42 -74 88 86 4 -34 42 21 30 46 -54 76 86 -22 -93 51 25 80 -36 -64 95 15 -2 45 -4 -74 -93 -10 82 59 44 -26 36 31 -41 -61 47 51 10 -23 -4 7 -98 -69 85 -91 33 -41 39 97 -54 34 11 44 -72 57 70 86 -53 2 44 41 26 -21 -78 35 -31 69 -14 79 96 32 -65 98 64 -80 58 -4 -71 -4 -58 -25 80 54 -82 58 -40 39 43 -43 91 -63 99 -34 -34 71 -100 -15 39 -14 -86 35 -82 -51 -18 32 -81 -61 78 -51 -14 -81 -26 -35 23 -7 74 84 82 -34 91 22 3 89 88 20 9 88 -96 -52 -76 69 33 93 -82 -86 24 88 -96 -49 -64 -60 -30 11 -45 44 54 -72 -23 -15 -5 -33 -94 48 -94 44 -33
-354 501
-7755 584
3674 266
2201 487
1382 195
3041 400
-335 35
-3453 472
-4870 298
-6608 239
-3223 579
8491 334
-897 249
-6083 358
-4500 603
-9665 4
-4258 467
-689 492
-7347 265
7175 575
9435 399
-9247 64
-7149 360
887 159
-48 558
6418 513
-5091 155
1408 38
-8380 200
-6439 391
5951 338
-4012 495
3918 583
-5172 531
-5748 553
4327 301
2218 467
-6053 581
-3899 501
491 73
-887 331
-9778 583
2978 20
1755 83
676 12
-840 418
-3347 469
5760 148
7889 486
7141 487
-3689 172
-452 379
3989 147
-5241 460
2050 286
9863 295
-401 113
-7375 96
1715 286
-9106 154
50 974 8600
21 9 -53 58 59 13 -84 68 -72 -21 41 53 -52 79 -52 5 -92 53 46 -27 -30 -76 64 -61 40 -69 -94 -1 2 35 66 73 94 -88 31 2 -25 -3 -31 3 76 61 -95 75 -11 -47 -21 -3 -94 75 70 -74 49 -17 -35 -12 -35 -79 87 67 56 2 39 0 15 -81 -99 40 17 -79 94 -58 82 99 -84 -30 -48 -55 18 -92 -81 -63 -66 18 21 -51 -95 86 -29 42 2 77 -56 91 -24 9 61 -72 -52 -23 -51 -59 -31 81 -60 -64 -100 -58 -19 18 -50 -49 56 -66 69 -74 -67 75 62 4 16 -37 -69 10 -97 -43 -82 64 -15 -33 91 -16 8 -40 -86 48 -4 66 40 27 -17 90 78 89 74 -3 65 -93 -29 26 11 37 39 -8 -53 -7 50 -35 -44 -66 32 98 -31 91 -93 -17 -12 3 -52 -72 -71 -18 -83 58 -80 92 -46 86 49 -25 -39 -91 62 51 2 -92 -57 -49 -76 -51 -15 6 97 4 -4 -97 88 85 6 -65 -88 -14 -33 80 94 -12 21 -53 -77 -31 -28 -16 -21 -67 85 81 93 78 -69 -84 -73 -34 22 74 71 69 78 58 53 -17 43 15 19 61 -6 -38 -52 -85 -41 -29 -16 31 5 13 65 -60 -7 7 -83 -26 23 95 41 95 69 11 63 46 -82 15 79 11 80 -52 -29 -26 10 -31 -11 70 -10 23 0 46 -64 -86 86 -21 21 53 54 94 48 -56 89 16 55 51 -89 23 -84 90 84 96 -63 -95 -31 -2 -26 8 -33 15 82 17 -90 68 -18 96 97 -98 48 50 47 -55 94 35 61 -2 -65 22 71 -49 12 55 98 -1 10 -84 97 84 25 -87 -52 -44 31 -42 74 -88 -97 70 65 2 -30 11 47 -37 96 8 12 -69 80 -18 -68 -9 87 -71 41 -4 -54 -13 -70 21 1 -22 27 82 -13 0 94 -60 -81 8 42 -11 70 -11 53 65 47 -86 46 26 -4 79 -83 -67 -93 8 29 -97 95 9 24 -55 38 -100 -74 -76 0 70 -36 20 -22 -94 -92 -53 -5 11 62 92 25 8 17 72 -14 -16 55 -57 92 -17 98 37 93 -29 82 30 -28 -92 4 22 28 18 -59 -95 -26 -100 -98 19 -39 15 10 37 -78 -73 -42 -42 11 -88 -49 -47 -55 -52 40 -63 20 21 17 92 -21 71 13 -93 -11 5 63 63 -45 16 -68 16 -70 42 -98 -48 69 -40 -40 -70 -78 11 -67 -32 10 73 -45 80 -57 73 21 -27 -7 -67 -70 32 -12 93 -55 -7 8 -23 60 -12 -82 62 40 38 73 50 18 95 -89 51 -38 21 -27 18 0 -34 -60 -80 39 33 -97 69 -35 -58 12 10 35 -81 87 -6 -42 55 -94 98 -8 79 -2 -91 23 9 10 86 80 33 3 -21 100 -7 -51 38 76 -48 -43 -60 -56 69 0 80 38 -64 -77 96 92 80 44 -67 8 -59 -57 -69 0 3 -84 -21 -64 -31 58 -65 62 57 23 -13 59 80 28 -97 -2 78 33 -64 65 6 -69 6 -14 25 39 94 66 32 75 -35 -65 91 -6 -29 -91 -99 -44 21 58 29 -92 17 9 -14 -30 -94 -87 -98 93 78 8 75 -17 44 -1 73 -12 -35 4 -38 -20 39 -97 25 60 63 26 66 -66 -16 -5 -58 51 54 -22 -80 10 -9 73 3 -31 -70 -23 2 25 76 -26 -88 91 79 -76 -79 -33 78 46 78 -9 -79 -7 25 -45 88 67 -95 41 -56 76 -49 -15 48 4 4 29 81 -94 -47 6 -70 -85 -53 59 -61 -32 -74 68 64 54 -42 85 -54 83 -60 85 -1 96 25 -7 22 26 78 -81 80 -18 48 10 -62 -100 -84 -32 66 -87 -73 -95 -19 -97 23 95 57 31 29 53 -37 69 37 62 15 -88 -96 -64 -12 32 -45 -82 -87 -97 28 -99 54 -6 -30 20 7 -53 -25 88 -50 48 32 57 -22 -39 -41 41 80 47 -48 -6 59 -44 -20 97 88 36 -86 52 -11 43 3 93 -64 73 12 44 70 37 -19 -81 -16 -87 26 12 -76 86 -98 -97 32 -46 -2 -60 -40 78 87 99 -37 52 50 2 -6 -48 -5 -20 76 57 74 45 -56 -95 15 -22 69 -60 91 93 76 93 96 -43 98 -57 -53 -43 72 85 -45 -66 36 55 37 -71 58 82 -41 33 38 84 -73 82 89 42 -40 57 33 -100 49 -42 93 -6 -34 40 38 13 98 9 -3 -48 -7 -68 58 80 -89 15 61 -79 -53 -51 -96 -76 -70 43 67 -60 -1 -51 -60 98 7 84 -9 73 23 79 -64 -30 -13 -17 23 31 -34 -70 10 -73 45 -79 -52 42 -30 -98 66 -50 45 32 -59 94 31 -19 41 -62 -86 -68 61 -12 61 47 58 -52 -70 -70 79 -4 -40 -62 -27 -96 -41 22 46 -21 -26 -38 30 70 44 71 63 -25 -99 -46 -37 -84 -64 -77 -46 97 71 -89 -56 51 -58 73 97 2 62 -31 -43 71 41 53 -50 -85 -86
7523 288
714 862
1357 364
2017 556
-5124 564
4396 616
-480 1
-629 763
241 650
8722 804
-6379 811
-6460 194
4433 631
-3602 445
-59 283
-8135 688
-7177 757
5268 506
2601 622
-3383 172
8606 62
5527 95
7309 466
3465 242
2673 487
-1101 55
1472 684
6347 538
9231 72
6357 883
-5913 426
-5924 271
4522 518
-1467 675
349 527
5762 359
-6396 325
-9199 652
-6374 656
2183 278
172 629
2593 811
-5317 901
1269 344
9126 702
6805 673
7010 513
7566 27
-6055 91
-185 204
47 250 6030
-45 87 8 96 -45 -1 22 46 65 17 85 -94 29 -89 37 18 10 84 -57 13 -61 2 -81 -94 -80 87 -6 -72 -77 29 54 -22 -34 -89 -77 21 11 46 -84 -75 -38 52 -68 41 13 69 -92 -78 52 -49 -15 41 4 5 47 -26 -59 -60 3 -36 20 -44 42 86 -32 65 -44 29 -40 -78 54 -28 74 86 63 -14 5 71 -41 -94 -78 -6 48 26 49 -6 100 90 -15 -48 -47 55 -41 95 40 27 10 46 -95 70 68 59 93 42 -5 55 78 50 26 -64 56 -2 -19 3 -77 -71 48 73 -81 -68 76 -28 87 -66 -83 -24 11 -23 -79 16 97 89 -26 89 -20 19 44 -92 -82 -31 95 75 67 -25 -73 40 5 75 -38 24 -94 88 46 93 -79 13 -82 32 90 -61 -53 87 79 -28 75 -92 41 -32 -84 60 -13 -89 -16 -97 -14 11 43 41 -14 56 -36 -8 -7 61 -65 15 -27 -47 97 -37 -57 95 100 -79 -84 74 80 7 93 97 -34 -21 58 0 -17 94 -89 76 35 -3 -19 49 39 75 9 74 -61 83 78 -65 96 -80 80 95 92 96 18 71 3 10 17 19 90 -76 -81 -28 -82 -70 98 3 -23 -21 -99 -85 -47 11 40 -8 -57 17
1264 155
-2974 82
-4075 159
-1461 48
-7086 224
9475 8
5921 104
-4613 173
-8691 248
-2764 116
-7985 236
-8485 191
-3935 172
2611 161
2929 245
9799 53
5994 96
-685 104
-8041 158
5969 248
-2553 44
6154 207
-6724 34
-6093 53
5183 0
-944 184
-3804 162
4640 207
-3534 194
-2691 101
-6595 69
1029 43
7653 39
-4963 23
-4361 4
1927 35
-6110 231
-9827 151
-379 122
9194 3
8944 78
-4279 62
-3738 165
-8880 178
5053 92
9564 151
9258 184
4 5 4
9 9 9 5 5
10 4
2 1
-10 1
7 3
76 15 626
-28 -13 47 11 79 -1 -48 20 18 -61 37 -47 50 3 87
-9731 3
-7845 3
9751 14
-1633 9
-1853 8
-4816 12
-5201 12
-5345 11
3684 9
-7265 14
-2113 3
-6088 12
-4652 6
4297 2
-458 1
-1674 2
-8879 2
-2474 14
-3167 2
7325 7
-3965 6
-2634 8
-9319 9
-6009 14
-1253 0
-3876 14
9011 11
2468 6
6755 7
-3895 8
-8183 1
9828 13
-5089 1
1251 11
-3033 4
-3277 13
1084 14
-6163 6
3552 2
3572 12
8275 4
8932 13
-268 6
-914 2
-4395 11
6504 7
-379 6
4082 7
-6315 2
3717 9
7629 5
-2625 1
-8031 5
-2081 5
-3519 6
-8461 10
-1373 12
-517 10
9312 11
2288 2
3759 7
2339 11
-1157 14
-927 4
5475 5
622 6
-3051 13
-743 14
6651 8
-1840 3
-172 6
5329 8
3891 5
-5745 8
-6621 7
-8162 0
29 679 5858
-89 27 2 -69 65 -17 -57 62 -26 58 -78 22 17 -32 97 53 -36 74 99 36 81 -36 41 3 21 62 -82 7 -18 47 -39 -6 -27 14 -25 -63 47 19 50 -79 -24 72 -7 43 90 -10 -4 -97 -87 -6 40 44 9 -20 -54 -71 92 -86 -14 -26 61 48 18 -66 -89 43 -79 58 -89 21 29 -13 -57 -78 -70 -68 -38 -24 -64 -75 70 26 70 -72 56 66 -93 -3 81 -6 21 41 92 -62 25 -98 32 -3 60 43 68 -61 81 -90 -39 -90 94 -27 -64 80 -2 56 -45 -33 85 61 -67 92 -43 64 -15 79 -46 -24 67 30 -72 -2 -74 89 -59 44 -73 -79 5 -62 82 -2 11 68 -73 59 23 -68 -74 7 93 -91 -51 100 73 -16 78 -74 11 -5 56 39 93 32 27 84 -24 4 55 81 -8 -14 -72 -98 -47 -95 12 27 -63 38 84 -71 47 -68 -72 -31 17 57 -5 -73 -49 -99 66 94 33 -57 28 -92 -3 -68 39 90 -31 67 42 -28 72 -47 99 59 91 83 38 -13 65 17 6 -19 -77 -99 -42 -26 -98 75 -83 -15 -83 -5 -56 -36 -22 83 -47 47 0 96 -82 -79 99 68 81 40 0 18 -74 -36 85 -17 -4 -93 -16 54 -69 -64 -22 -51 -29 -55 -6 15 10 72 -2 63 -32 98 8 -63 -82 7 -96 49 -54 4 -83 -78 18 -99 5 -87 -91 39 18 -60 25 96 -61 97 -59 34 -39 1 5 59 -37 24 6 22 61 -25 79 65 -77 -76 -82 -60 97 36 93 -48 0 -99 41 68 -59 -34 13 -19 -88 4 -86 -77 -96 -31 33 -32 93 -62 40 53 -37 18 -33 -63 -8 -65 -73 -62 22 -81 -10 -79 -80 82 39 -88 98 -49 -7 -91 56 -43 83 60 -24 15 78 -81 54 17 72 67 85 90 -97 -24 -76 82 -35 46 -100 55 17 72 36 -45 84 33 7 -24 -8 -88 -17 -25 72 59 90 0 78 -7 67 0 -90 52 -61 64 78 -37 45 -58 60 46 48 -24 -33 -17 -18 -50 67 89 -24 -92 51 59 -67 22 -33 74 -79 96 -84 89 -55 -74 -10 -16 91 -33 -3 -15 10 -44 -70 -43 33 -3 -10 -86 -3 -94 53 73 -85 3 -19 99 75 49 72 47 -6 89 -15 39 65 75 -78 5 92 19 91 1 26 71 8 -92 -32 49 73 15 55 -25 -12 20 78 19 19 2 -83 -10 -52 11 -72 -17 -51 44 -43 -79 -52 -51 -9 -62 0 -84 -91 59 75 -73 7 47 42 -39 -79 80 82 49 -1 -50 -100 -34 -10 100 78 -31 -18 77 -88 -10 49 -40 -11 -61 -51 89 -95 -92 -3 80 86 -97 -24 27 -85 -53 -43 47 96 6 97 96 72 -14 95 49 5 -73 -24 17 17 -76 28 -95 -37 27 44 -82 35 -59 48 20 -56 -77 97 -41 -30 -97 56 -85 9 52 61 -19 89 56 80 -7 83 -45 61 -51 -71 -12 -46 -8 -86 98 -40 -1 -62 -93 69 -67 81 65 -58 -50 69 99 -85 -73 0 77 -42 -12 -18 89 32 -86 94 -8 -37 -77 80 17 -35 44 -36 26 93 -47 33 61 -14 -36 -25 -22 14 94 -24 -20 -79 27 -44 -21 -86 38 -83 -4 52 -89 88 65 -66 17 -19 -1 -40 -5 -76 -48 48 8 63 84 72 -62 -38 -65 -69 -12 15 -48 -86 21 -18 80 -42 -1 -25 60 10 -87 24 -6 30 55 94 41 -50 68 93 48 -75
1521 503
6785 153
-9544 402
7050 489
-7802 298
2594 532
826 486
7076 184
-5400 421
-7356 628
-9145 513
-3902 364
9135 301
2162 363
7530 236
-8475 358
-7854 271
8383 146
-4027 331
6934 617
77 19
723 491
-7372 181
6128 676
6700 202
6272 113
2466 620
-2238 65
7456 534
