100
10
999997811598563
168264356788540
113917335623022
504518763621154
2447798916843
781084025906238
68725032330040
114603209770335
269931374930267
829426491956734
518463582871740
191747868582466
530463804512213
473531886721807
600754287177439
412868779675819
365808349627030
990095455580009
847936715463164
593093015520446
403878514257521
219045042011879
999667265778226
534526508757010
692882664955142
304234331693236
765848894040487
856324625675639
352013905804233
651503598415600
472695578812646
132846697651533
25105850566155
819066347825962
856938241125478
106612673186936
984421975536526
712651120655958
72594089264660
753091392094710
884314088077579
443567104453482
530835134220245
616354876285819
109662690188287
531398323680528
740481798458763
993882511448365
913251935699878
770621135270081
25043863543701
57962650102070
81046922771498
658747666276577
302057296430169
345017366814872
117619266208614
760403371446827
89974800295104
205326664201199
60427484750350
605373343466644
854448740597756
7930997929722
668317827924843
444920286885918
841836964795761
235005432722530
403184842397074
535248634841118
371129782780037
621246419261064
516907813267744
378762295557723
676940855073317
279571965100857
190117247455282
517982181909440
404607499295212
924873216615620
54233305407655
514684474990220
821978679803556
870834842465566
152177069166117
500969745795387
457904351629605
205613745384339
759326113780683
761794347903766
862203008911309
902460585685422
671793301518622
889344114998299
68199509817227
482143366573412
292655998960261
887386782456251
298364614565237
