100
1 0
79997 12304
86649 8717
26572 17718
85425 5816
74828 17649
43022 34169
64794 12345
78474 18617
24220 40234
71098 23566
15526 57623
73625 17651
82838 6215
0 2
52474 15140
63194 59
61463 21248
37694 4304
66877 2567
73032 19187
1726 1647
50000 50000
13427 5620
33280 5227
72462 26623
20614 58635
82543 1335
54259 2963
70664 21657
0 100000
56371 13407
96700 2746
81925 5129
44985 14365
80797 9200
82708 10743
50717 38463
21527 57804
91469 2879
5990 45755
7303 92695
78081 7360
36555 4837
23351 8043
63297 7310
4364 26145
42313 47519
84104 6021
65791 31955
100000 0
80735 3955
18186 45229
15182 24700
98856 688
51009 13029
94270 1982
7072 16124
1 1
33740 42154
30709 50811
2933 16370
41647 4757
36733 57287
58595 30160
28357 71554
69641 3101
7 13
83776 13640
3525 33404
81368 8355
24141 40456
48637 2651
48292 10568
12613 8016
12497 72702
22376 28634
91183 3802
51804 26863
13799 32715
74472 2620
22293 62696
32026 20564
29597 6646
38776 37215
0 1
4207 51120
57964 23002
16275 78335
57140 12697
9 11
54833 3525
7336 9689
3950 69855
47416 45984
53346 7152
43069 12075
99047 951
21974 993
2 0
