100
693025 743717 279039860612206287 42990
406409 955791 754516915406944153 99907
657495 570376 39585588616951502 99961
989271 356938 102690409110701729 82755
0 0 100 199
743933 784193 315422023701371185 99917
223396 261401 211633305391683183 99965
553448 48215 951911844069126270 80343
537856 617022 738223661892210214 93318
479649 395344 745749418960934988 99912
993026 666054 591970814688464332 99916
21906 721975 977645759451336242 99920
267880 707702 367963284198487135 20385
975203 815387 665819139256119100 49639
488428 389354 779618487525729696 99971
281240 310904 986666427542972741 99998
0 657752 94745114011889494 1
555468 789405 666083324134592291 99926
565873 527599 365203949689559486 51969
431153 852626 474860777180235062 99919
495095 514477 731787393025627240 27344
291326 935401 668762748417270512 99921
261813 965222 336930073711552601 29772
542157 214814 27442184332974583 99929
75375 872647 870701048278422314 99910
700680 169118 32335056559361671 82415
864751 784785 844600689249846067 21684
570930 370786 76039899561862568 87211
701870 805558 924907661324541709 99915
969866 198035 768144443103164257 68752
669275 133390 478163727976962406 64330
553956 859795 237794084209493722 99933
743335 277856 115986240090290507 99933
983402 425027 402924211935192128 99914
694207 618779 592546070568601121 78033
950250 361923 565465175558975632 64239
47445 626395 408397703782701584 47638
400962 136812 353946863174984377 32163
463522 906972 979157765556687017 99983
902782 638683 405593080517054162 57310
663955 67009 91798981590579401 61378
407058 31421 603382118327309096 99954
98915 937747 44413445635804651 76078
583414 528578 644527176897533392 99989
211546 631785 854816201596040748 99967
30538 22212 398252785145112955 99951
0 379699 422065760153242596 40422
371338 730231 120374175997094893 99983
743071 707698 211372285239672060 45132
739176 343684 449344356240828333 49526
399982 825423 118266607122212933 98859
381296 529233 174024358074963129 27506
649472 271371 198348927226640841 99941
702464 590091 496795492092403962 99912
447943 864974 198651741934289280 26088
272718 125252 633827009629367873 7249
136385 435178 764163175110460071 99960
0 0 656757094966078800 1
603692 828863 819731044194722955 99972
460136 203349 22035109094917238 99982
524272 607989 99320923109389396 74401
906588 857975 714352005774347227 99923
921306 394820 162875720138577808 15341
217108 664083 650873424293590596 35752
782908 304596 185039191379470966 81959
573838 585404 280359024434099681 99932
44460 285865 889911790555590189 99943
431105 279849 134207054543838888 7791
998996 759872 228756401956428850 99967
38231 0 392348230132533075 92134
729887 107547 288817223282399493 11472
608853 138120 530781597679601175 65381
246196 480811 966900980280783031 99994
850695 0 526353589820931714 1
943281 445709 844158495770001652 83292
397130 298861 371242095796974184 28349
0 0 245142588000037565 47099
535634 494430 232813658550735951 99992
577958 639711 132863571263065750 75456
159600 0 573514097471367746 1
432960 59191 629161589990572325 99926
632159 968723 757489412443797686 67141
142968 71907 605207567166980971 99931
193912 616318 226183129445895215 99962
81556 508588 293979800121790179 99982
784919 849272 444752817321770352 99967
421072 797843 566813083757223706 8448
436259 912664 431388044586696077 86395
354286 309701 855171879920665022 29019
882282 264062 188747150147246751 46590
0 0 1000000000000000000 100000
291329 32101 11489111082135986 99989
779967 877062 474344789419139665 99953
220968 99972 68831614526426166 99976
0 0 10 5
953242 14679 453815122044967225 97153
224195 98460 144676421531518504 99983
418395 505548 145024981355869062 49533
927658 772894 915883707110179153 13410
329295 973209 472960316379293739 99979
