100
853751 921851 4 5953
0 0 10 5
900831 816170 545 9920
2798 810277 516 9983
136340 631013 547 2780
163730 230746 852 9907
254299 392157 764 2595
926533 597367 347 5924
930932 918618 499 6857
738273 252 427 6344
280091 355439 224 9993
938053 572197 151 9955
843495 397843 890 9936
473480 201180 790 9937
868739 958307 152 9929
338572 701568 16 8224
908820 43682 874 3855
600797 76155 507 611
41299 115717 984 9993
895473 859028 21 9995
166144 962076 529 9944
967107 488198 20 8885
614865 522961 322 9917
12957 316975 24 9925
292702 54257 45 9967
175719 679458 147 5354
661985 527104 383 9916
121616 853375 322 9915
945961 157028 845 7853
310717 191633 106 188
890969 317804 603 9917
461960 430019 616 7265
555366 659005 2 4710
6312 153637 161 3562
0 0 821 8180
46005 626994 196 4015
621519 818299 764 1088
514146 647056 248 9901
290296 662929 757 4076
881800 943372 676 9901
278043 719738 386 8905
62892 665065 874 3997
384436 360962 358 9222
25102 589994 632 9930
536079 424753 466 9936
9111 717744 108 9920
607900 579866 398 4179
721361 580913 916 9943
425810 554886 618 9995
366189 117177 785 7059
0 0 988 1
0 0 100 199
857810 471039 713 9980
239254 215988 26 8110
115776 265131 843 9959
993325 951985 448 4421
538677 841891 677 9979
933512 0 987 1
748022 739245 949 9139
746580 381759 732 658
779779 597108 573 9919
615001 287761 804 9916
25884 853992 686 1681
173575 27068 323 9928
99464 401464 985 3892
950654 276060 111 9949
219384 181135 733 9955
84635 928265 305 6433
712984 454112 239 5546
119287 0 709 6248
726115 77194 174 9993
79169 787720 723 2835
423533 887505 989 9957
521656 26065 983 6336
970348 949917 42 9948
201822 911514 140 4966
781599 649106 132 1992
781718 721941 346 9974
41714 0 117 1
798346 66431 191 9912
337882 603255 831 5578
382394 18882 190 7686
44279 305679 766 4037
272222 805141 683 9939
0 785702 9 8508
254286 189465 478 433
533064 354884 141 9959
702467 300868 219 9980
713361 343957 100 5330
789355 394410 467 9914
0 291720 771 1
859094 660095 144 2752
548695 814563 653 9975
986018 107510 971 9927
0 0 1000 10000
490025 738077 452 8345
977227 667296 715 9968
556040 737580 547 9609
109357 715130 443 8970
416852 74158 307 9928
